[0m          [38;2;1;1;3m▄[48;2;1;1;2m▄[48;2;1;1;3m▄▄[38;2;34;34;36;48;2;1;1;2m▄[0m[38;2;22;22;24m▄[0m[0m[0m
         [38;2;1;1;3;48;2;1;1;3m▄▄▄▄▄[38;2;5;5;6;48;2;45;45;47m▄[38;2;1;1;3;48;2;43;43;45m▄[48;2;3;3;5m▄[0m[38;2;0;0;2m▄[0m[0m[0m
         [38;2;111;111;111;48;2;8;8;10m▄[38;2;195;195;194;48;2;30;30;31m▄[38;2;45;45;47;48;2;5;5;7m▄[38;2;36;36;37;48;2;1;1;3m▄[38;2;196;196;195;48;2;38;38;39m▄[38;2;194;194;193;48;2;78;78;79m▄[38;2;87;87;88;48;2;19;19;20m▄[38;2;1;1;3;48;2;1;1;3m▄[48;2;1;1;2m▄[0m[0m[0m
         [38;2;119;119;120;48;2;113;113;113m▄[38;2;126;104;41;48;2;64;64;65m▄[38;2;227;191;26;48;2;114;113;110m▄[38;2;228;198;43;48;2;86;85;77m▄[38;2;180;163;60;48;2;114;114;114m▄[38;2;107;103;84;48;2;46;46;47m▄[38;2;113;113;113;48;2;153;153;152m▄[38;2;1;1;3;48;2;1;1;3m▄▄[0m[0m[0m
         [38;2;99;70;9;48;2;91;68;17m▄[38;2;222;167;8;48;2;226;171;11m▄[38;2;236;196;16;48;2;235;196;14m▄[38;2;243;214;57;48;2;244;215;60m▄[38;2;222;185;21;48;2;245;215;32m▄[38;2;210;153;9;48;2;233;197;27m▄[38;2;103;77;17;48;2;122;97;19m▄[38;2;24;24;26;48;2;1;1;3m▄[38;2;15;15;17m▄[0m[0m[0m
         [38;2;109;109;109;48;2;60;60;61m▄[38;2;190;188;185;48;2;165;133;66m▄[38;2;170;150;115;48;2;194;150;8m▄[38;2;175;156;121;48;2;202;149;9m▄[38;2;194;192;187;48;2;203;151;30m▄[38;2;235;235;233;48;2;189;175;144m▄[38;2;249;249;247;48;2;150;150;149m▄[38;2;53;53;54;48;2;17;17;19m▄[38;2;2;2;4;48;2;90;90;92m▄[38;2;1;1;3;48;2;1;1;2m▄[0m[0m[0m
       [38;2;1;1;3m▄[38;2;156;156;156;48;2;26;26;28m▄[38;2;252;252;250;48;2;235;235;233m▄[48;2;231;231;229m▄[38;2;250;250;248;48;2;200;200;198m▄[38;2;252;252;250;48;2;218;218;216m▄[48;2;246;246;244m▄[48;2;252;252;250m▄▄[38;2;238;238;236;48;2;167;167;167m▄[38;2;10;10;12;48;2;1;1;3m▄[38;2;1;1;3m▄[48;2;1;1;2m▄[0m[38;2;1;1;2m▄[0m[0m[0m
      [38;2;8;8;10;48;2;1;1;2m▄[38;2;31;31;33;48;2;1;1;3m▄[38;2;229;229;228;48;2;219;219;218m▄[38;2;251;251;248;48;2;250;250;248m▄[38;2;252;252;250;48;2;251;251;249m▄[38;2;248;248;246;48;2;243;243;241m▄[38;2;252;252;250;48;2;251;251;249m▄[48;2;248;248;246m▄[38;2;250;250;248;48;2;239;239;237m▄[38;2;239;239;237;48;2;230;230;229m▄[38;2;219;219;218;48;2;225;225;223m▄[38;2;197;197;196;48;2;66;66;67m▄[38;2;17;17;19;48;2;2;2;4m▄[38;2;21;21;22;48;2;1;1;3m▄[38;2;2;2;4m▄[0m[38;2;1;1;3m▄[0m[0m[0m
     [38;2;18;18;19;48;2;1;1;3m▄[38;2;40;40;41;48;2;25;25;27m▄[38;2;249;249;247;48;2;164;164;164m▄[38;2;252;252;250;48;2;252;252;250m▄▄[38;2;249;249;247m▄[38;2;252;252;250m▄▄▄▄▄▄[48;2;237;237;235m▄[38;2;196;196;195;48;2;108;108;108m▄[38;2;30;30;32;48;2;28;28;30m▄[38;2;33;33;34;48;2;27;27;29m▄[38;2;2;2;4;48;2;1;1;3m▄[0m[38;2;1;1;2m▄[0m[0m[0m
    [38;2;1;1;2m▄[38;2;18;18;20;48;2;20;20;22m▄[38;2;186;186;185;48;2;120;120;120m▄[38;2;252;252;250;48;2;252;252;250m▄▄▄[38;2;244;244;242;48;2;245;245;243m▄[38;2;252;252;250;48;2;252;252;250m▄▄▄▄▄▄▄[48;2;242;242;240m▄[38;2;17;17;19;48;2;3;3;5m▄[38;2;26;26;28;48;2;22;22;23m▄[38;2;6;6;8;48;2;8;8;10m▄[38;2;1;1;3;48;2;1;1;3m▄[0m[0m[0m
    [38;2;39;30;5;48;2;5;5;7m▄[38;2;38;37;37;48;2;34;34;35m▄[38;2;242;242;240;48;2;226;226;224m▄[38;2;252;252;250;48;2;252;252;250m▄▄▄[38;2;245;245;243;48;2;245;245;243m▄[38;2;252;252;250;48;2;252;252;250m▄▄▄▄▄▄▄[38;2;247;247;245m▄[38;2;12;12;14;48;2;18;18;19m▄[38;2;32;32;34;48;2;28;28;30m▄[38;2;27;27;29;48;2;1;1;3m▄[38;2;11;11;13m▄[0m[0m[0m
   [38;2;199;146;6m▄[38;2;244;188;12;48;2;240;184;12m▄[38;2;242;186;12;48;2;168;129;14m▄[38;2;91;68;5;48;2;136;136;134m▄[38;2;109;109;109;48;2;252;252;250m▄[38;2;249;249;247m▄[38;2;252;252;250m▄[38;2;250;250;248;48;2;244;244;242m▄[38;2;252;252;250;48;2;252;252;250m▄▄▄▄▄[38;2;251;251;249m▄[38;2;218;195;142;48;2;241;231;205m▄[38;2;233;178;29;48;2;234;208;111m▄[38;2;36;26;6;48;2;27;23;7m▄[38;2;1;1;3;48;2;1;1;3m▄[38;2;3;3;5;48;2;11;11;13m▄[38;2;140;108;20;48;2;61;59;50m▄[0m[38;2;136;104;14m▄[0m[0m[0m
 [38;2;242;186;12;48;2;234;177;11m▄[38;2;244;188;12;48;2;237;181;10m▄[48;2;242;185;11m▄[48;2;244;188;12m▄▄[38;2;243;188;12;48;2;218;168;9m▄[38;2;138;107;6;48;2;22;16;3m▄[38;2;1;1;3;48;2;73;73;74m▄[38;2;86;86;86;48;2;238;238;236m▄[38;2;252;252;250;48;2;252;252;250m▄▄▄▄▄▄[38;2;234;234;233;48;2;234;234;232m▄[38;2;191;169;119;48;2;196;175;125m▄[38;2;235;181;31;48;2;232;177;29m▄[38;2;227;170;27;48;2;152;108;15m▄[38;2;217;161;25;48;2;80;56;8m▄[38;2;233;178;29;48;2;149;109;16m▄[38;2;244;190;33;48;2;241;186;31m▄[38;2;241;187;32;48;2;185;141;23m▄[0m[0m[0m
 [38;2;240;183;11;48;2;238;181;11m▄[38;2;244;188;12;48;2;244;188;12m▄▄▄▄▄[48;2;235;184;11m▄[38;2;216;173;46;48;2;66;55;23m▄[38;2;245;243;237;48;2;99;99;100m▄[38;2;252;252;250;48;2;252;252;250m▄▄▄▄▄[38;2;191;191;190m▄[38;2;20;20;22;48;2;199;199;198m▄[38;2;111;79;10;48;2;110;83;25m▄[38;2;236;181;30;48;2;235;181;30m▄[38;2;244;191;33;48;2;243;189;33m▄[48;2;242;188;32m▄[48;2;244;191;33m▄[38;2;243;190;33m▄[38;2;240;186;32m▄[38;2;229;174;28;48;2;240;186;32m▄[38;2;163;117;13;48;2;124;92;15m▄[0m[0m
[38;2;129;91;3;48;2;167;121;5m▄[38;2;200;144;2;48;2;242;185;11m▄[38;2;219;161;4;48;2;244;188;12m▄[38;2;231;173;7m▄[38;2;238;180;9m▄[38;2;242;186;12m▄[38;2;244;188;12m▄▄[38;2;230;172;7;48;2;230;174;8m▄[38;2;127;89;3;48;2;139;113;55m▄[38;2;1;1;3;48;2;162;162;161m▄[48;2;221;221;219m▄[48;2;231;231;229m▄[48;2;188;188;187m▄[48;2;98;98;98m▄[48;2;4;4;6m▄[48;2;1;1;3m▄[38;2;140;97;10;48;2;137;96;12m▄[38;2;226;169;26;48;2;238;183;31m▄[38;2;236;179;29;48;2;244;191;33m▄[38;2;228;170;26;48;2;244;190;33m▄[38;2;197;139;17;48;2;239;184;31m▄[38;2;125;85;7;48;2;218;161;24m▄[0m[7m[38;2;188;134;16m▄[38;2;117;83;7m▄[0m[0m[0m
   [7m[38;2;118;83;2m▄[38;2;161;114;2m▄[38;2;193;139;2m▄[0m[38;2;88;62;2;48;2;220;163;6m▄[38;2;129;91;2;48;2;227;168;6m▄[38;2;92;64;2;48;2;196;141;1m▄[0m[7m[38;2;87;60;2m▄[0m      [7m[38;2;1;1;2m▄[38;2;98;66;6m▄[0m[38;2;78;52;4;48;2;171;116;13m▄[38;2;99;67;6;48;2;190;131;14m▄[38;2;61;41;3;48;2;172;117;12m▄[0m[7m[38;2;96;65;5m▄[0m[0m[0m
[?25h[0m
